0.13 40.8268
0.15946 40.4491
0.195114 33.9085
0.228531 28.483
0.257752 24.6835
0.231324 27.9335
0.259885 24.6589
0.233187 27.8098
0.261748 24.6406
0.23482 27.5897
0.263167 24.3411
0.235463 27.4156
0.26356 24.1728
0.23546 27.5143
0.263742 24.2937
0.235878 27.5397
0.264258 24.1906
0.236121 27.3589
0.264189 23.8429
0.235325 27.5446
0.263648 24.1589
0.235509 27.7143
0.264174 24.1348
0.235928 27.5696
0.264371 24.2522
0.236352 27.3277
0.264388 24.0451
0.23593 27.142
0.263566 24.1741
0.235468 27.4705
0.263668 24.2759
0.235774 27.5509
0.264163 23.8696
0.235358 27.3165
0.263255 24.0103
0.234845 27.4991
0.263025 24.0585
0.234741 27.9357
0.263729 23.8969
0.235028 27.6692
0.26355 23.9946
0.235075 27.7036
0.263667 23.9067
0.234994 27.5674
0.26332 24.2616
0.235433 27.4286
0.26355 24.0219
0.235133 27.2737
0.262923 24.1554
0.234854 27.4897
0.263017 24.021
0.234656 27.3054
0.262449 24.3558
0.234852 27.1978
0.262466 24.779
0.235755 27.5942
0.264224 24.2638
0.236245 27.3826
0.264373 24.2714
0.236394 27.0161
0.263847 23.9205
0.235183 27.6455
0.263679 24.1933
0.23561 27.2384
0.26339 24.1045
0.235164 27.4223
0.263237 23.8737
0.234542 27.3295
0.262367 24.1
0.234241 27.7156
0.262754 24.1263
0.234642 27.5147
0.262827 23.9643
0.234366 27.9134
0.263265 23.5496
0.233884 27.6246
0.262183 24.1875
0.234261 27.6853
0.262719 24.1308
0.23462 27.7437
0.263232 24.1527
0.235125 27.5862
0.263502 24.0335
0.235114 27.446
0.263226 24.1598
0.235134 27.6138
0.263565 24.0835
0.235276 27.6527
0.263796 24.0402
0.235391 27.5268
0.263688 23.9763
0.23516 27.7884
0.263922 23.9982
0.235415 27.8821
0.264384 24.279
0.236421 27.3705
0.264546 24.0223
0.236022 27.5388
0.264419 24.2558
0.236402 27.3835
0.26455 23.9299
0.235831 27.4179
0.263975 24.1317
0.235744 27.4286
0.263899 24.0621
0.235529 27.2321
0.263287 24.2219
0.23532 27.6339
0.26381 24.0348
0.235392 27.625
0.263875 24.1496
0.235692 27.904
0.264737 23.817
0.235757 27.8188
0.264649 23.9241
0.235907 27.454
0.264129 23.958
0.235514 27.1853
0.263183 24.3152
0.235423 27.1862
0.263082 23.8924
0.234443 27.6634
0.262883 24.0942
0.234689 27.6821
0.263194 24.0357
0.234844 27.6138
0.26324 23.9125
0.234625 27.5196
0.262817 24.0661
0.234572 27.4009
0.262535 24.3634
0.234944 27.8384
0.263773 24.1085
0.235515 27.3402
0.263475 24.3629
0.235785 27.6643
0.264389 24.0585
0.235959 27.3781
0.264044 24.0621
0.235658 27.6286
0.26418 24.3192
0.236323 27.4772
0.264638 24.0478
0.236159 27.4022
0.264313 24.2071
0.236205 27.4893
0.26453 23.8938
0.235736 27.3196
0.263684 24.1866
0.235599 27.5491
0.263964 24.5018
0.236515 27.2246
0.264376 24.3438
0.236551 27.3232
0.264602 24.1388
0.236319 27.3607
0.264414 24.046
0.235954 27.3299
0.263948 24.2594
0.235989 27.9848
0.265223 23.8612
0.236285 27.5799
0.26479 24.2563
0.236735 27.1911
0.264558 24.1518
0.236307 27.1612
0.264024 23.8996
0.235297 27.6049
0.26373 24.2067
0.235683 27.629
0.264209 24.1112
0.235909 27.5772
0.264364 24.3491
0.236551 27.2804
0.264521 23.9183
0.23578 27.192
0.263493 24.083
0.235211 27.8844
0.264159 23.954
0.235533 27.454
0.26371 24.3804
0.236032 27.3116
0.264 23.9585
0.2354 27.1652
0.263018 24.2879
0.235218 27.9442
0.26428 24.1862
0.236131 27.6964
0.264838 23.7688
0.235745 27.4161
0.263877 24.1679
0.235732 27.6031
0.264215 24.3938
0.236512 27.8384
0.265533 23.8246
0.236483 27.3964
0.264665 24.1424
0.236383 27.5371
0.264819 23.9696
0.236154 27.5254
0.264541 24.033
0.23604 27.2638
0.263919 23.8085
0.235011 27.7973
0.263772 24.2085
0.235724 27.1036
0.263264 24.1955
0.235243 27.7335
0.263912 23.942
0.235287 27.6647
0.263831 24.2205
0.235803 27.5259
0.264148 24.1835
0.236008 27.6634
0.264637 23.9013
0.235847 27.5071
0.264163 24.0009
0.235635 27.3313
0.263593 23.7071
0.234507 27.8946
0.263389 24.4705
0.235934 27.0946
0.263481 24.2879
0.235632 27.8371
0.264543 24.0527
0.236084 27.308
0.264052 24.5536
0.236704 27.2603
0.264654 23.8143
0.235678 27.692
0.264321 24.0853
0.235955 27.3652
0.264015 23.9281
0.23535 27.6031
0.263786 24.1897
0.235697 27.6817
0.264324 24.1955
0.23619 27.3496
0.264249 23.9545
0.235614 27.2786
0.26347 23.9612
0.234933 27.6424
0.263393 24.6156
0.236244 27.8246
0.265206 24.3911
0.237394 27.5397
0.265956 23.9482
0.237123 27.5268
0.265629 24.0683
0.237086 27.0143
0.264615 24.1187
0.236288 27.5116
0.264664 24.0393
0.236164 27.3634
0.264245 24.0866
0.23589 27.517
0.264229 23.7701
0.235206 27.7473
0.263896 24.0768
0.235557 27.5183
0.263859 23.9991
0.23536 27.4821
0.26357 24.0473
0.235204 27.6754
0.263759 24.2902
0.235885 27.6884
0.264547 24.1045
0.236197 27.4054
0.264361 24.4496
0.236761 27.1513
0.264512 24.0594
0.23607 27.6853
0.264749 23.6219
0.235355 27.4259
0.263458 24.0594
0.23513 27.9312
0.264157 24.0125
0.235654 27.6741
0.264261 24.1018
0.235936 27.4692
0.26419 24.5295
0.236777 27.6161
0.26541 23.8897
0.236511 27.5201
0.264931 23.9379
0.236187 27.3862
0.264314 24.0022
0.235773 27.5125
0.264089 23.9504
0.235463 27.4281
0.263583 24.1683
0.235471 27.4973
0.263722 23.9835
0.235205 27.5085
0.263446 23.7692
0.234507 27.508
0.262663 23.8991
0.234084 27.9674
0.263049 24.3839
0.235448 27.3183
0.263359 24.1085
0.235145 27.7643
0.263859 23.8719
0.235092 27.6621
0.263608 24.2063
0.235573 27.6036
0.264037 24.0397
0.235605 27.0451
0.26302 23.9933
0.2346 27.7862
0.263289 24.1719
0.235216 27.5942
0.263619 24.0031
0.235155 27.525
0.26342 24.1862
0.235363 27.5973
0.26379 24.2165
0.235758 27.3558
0.263777 24.1013
0.235503 27.2955
0.263378 24.4098
0.235797 27.4062
0.263915 24.0094
0.235432 27.4821
0.26365 24.2451
0.235693 27.3817
0.263753 24.2558
0.235808 27.7321
0.264542 24.0022
0.235977 27.6362
0.264551 23.8567
0.235676 27.3728
0.263717 24.1112
0.23547 27.4937
0.263715 24.3652
0.236004 27.3741
0.264087 24.0531
0.235678 27.7598
0.264449 23.9973
0.235883 27.7549
0.26467 24.2018
0.236513 27.279
0.264476 24.1496
0.236229 27.1536
0.263922 23.9232
0.235256 27.6277
0.263727 23.9455
0.23513 27.9741
0.264237 24.021
0.235744 27.4446
0.263929 24.0964
0.235628 27.9371
0.264727 24.1348
0.236422 27.3647
0.264537 24.3415
0.23669 27.6022
0.265286 24.3201
0.237315 27.2567
0.265331 23.9277
0.236521 27.5054
0.264914 24.1192
0.236556 27.4888
0.264922 23.9438
0.236191 27.3112
0.264177 23.9277
0.235493 27.5094
0.26377 24.1522
0.235604 27.2969
0.263494 24.0679
0.235179 27.446
0.263299 23.8938
0.234639 27.6246
0.26303 24.1946
0.235032 27.8022
0.263804 24.1518
0.235634 27.4241
0.263766 24.2268
0.235758 27.5393
0.264123 24.2147
0.236052 27.4746
0.26433 24.0804
0.235952 27.3397
0.263964 24.2924
0.236073 27.4621
0.26433 23.8509
0.235467 27.9031
0.264483 23.854
0.23561 27.6536
0.264173 23.9911
0.235623 27.4446
0.263793 24.0826
0.235478 27.4911
0.263719 24.1879
0.235634 27.9161
0.264694 23.8138
0.235713 27.6625
0.264305 24.0393
0.235843 27.5196
0.264181 23.704
0.235024 27.8951
0.26397 24.2424
0.235973 27.1879
0.2637 23.5826
0.23434 27.5768
0.262605 24.3875
0.235058 27.3754
0.263031 24.3228
0.235302 27.833
0.264166 24.0951
0.235837 27.7437
0.264597 23.9768
0.235971 27.7518
0.264763 24.2563
0.236712 27.0969
0.264354 24.179
0.236182 27.8031
0.265097 23.8897
0.236232 27.7268
0.265009 24.1942
0.236799 27.3536
0.264938 23.592
0.23546 27.1687
0.263091 24.3147
0.23534 27.6504
0.263864 24.1482
0.235679 27.4768
0.263917 24.1585
0.235749 27.404
0.263857 24.3036
0.236002 27.4634
0.264253 24.192
0.236119 27.567
0.26458 24.1603
0.236345 27.4022
0.264521 24.0054
0.235964 27.7786
0.264806 24.3737
0.236998 27.4071
0.265262 24.2638
0.237174 27.2688
0.265196 23.5478
0.235595 27.6987
0.264241 24.1625
0.236046 27.6857
0.264723 24.0312
0.236199 27.5143
0.26457 24.1478
0.236309 27.5888
0.264834 23.8853
0.235989 27.2518
0.263839 24.1179
0.235593 27.6268
0.264103 24.1741
0.235948 27.3205
0.263923 24.2312
0.235907 27.3103
0.263858 23.8723
0.235092 27.8518
0.263965 24.0813
0.235628 27.725
0.264328 24.1951
0.236193 27.4817
0.264501 24.0518
0.236045 27.4348
0.264247 24.1518
0.236029 27.5915
0.264526 23.7058
0.235334 27.5804
0.263726 24.0491
0.235347 27.4679
0.263528 24.4147
0.235941 27.508
0.264269 24.1027
0.235945 27.7603
0.26475 23.758
0.235645 27.4929
0.263908 23.9259
0.23525 27.6254
0.263716 23.842
0.234901 27.4679
0.263029 24.1839
0.235009 27.6946
0.263576 24.2826
0.235706 27.5353
0.264057 24.1112
0.235773 27.8192
0.264668 24.0272
0.236142 28.0254
0.265471 23.8786
0.236543 27.2004
0.264361 24.2295
0.236295 27.4491
0.264554 23.8875
0.235744 27.7969
0.264594 24.1844
0.236408 27.4656
0.264712 23.7826
0.235662 27.0268
0.26305 24.4795
0.235649 27.3612
0.263666 24.3674
0.235965 27.5585
0.264391 24.1357
0.236124 27.7455
0.264922 24.0205
0.236354 27.2
0.26415 24.2232
0.236093 27.5746
0.264565 24.3397
0.236711 27.4924
0.265102 23.8125
0.236073 27.4156
0.264243 24.1924
0.236111 27.7906
0.264994 23.8411
0.236037 27.4826
0.264329 24.0058
0.235794 27.6799
0.264428 24.0576
0.235992 27.3585
0.264044 23.9906
0.235507 27.7857
0.264306 23.9312
0.235616 27.4147
0.263729 23.8299
0.234888 27.6866
0.263425 24.6192
0.23628 27.5353
0.2647 24.3687
0.236893 27.3741
0.265082 23.8009
0.236031 27.1772
0.263745 24.1397
0.235555 27.4884
0.2638 24.1656
0.235659 27.5951
0.264118 24.0893
0.235782 27.4585
0.263997 24.2978
0.236114 27.1786
0.263841 24.0138
0.235375 27.7612
0.264112 24.2482
0.236112 27.5402
0.264522 24.046
0.236051 27.608
0.264581 23.6661
0.235299 27.8522
0.264198 23.9438
0.235546 27.7598
0.264301 24.0299
0.23582 27.3295
0.263796 23.9161
0.235129 27.5629
0.263463 24.1812
0.235391 27.4067
0.263462 24.3612
0.23577 27.6237
0.264295 24.3969
0.236591 27.3125
0.264627 23.8161
0.235658 27.4969
0.263931 24.0228
0.235474 27.8388
0.264369 24.0487
0.23592 27.425
0.264089 24.0201
0.23561 27.7241
0.264306 23.9888
0.235737 27.7076
0.264417 23.9924
0.235844 27.4982
0.264142 24.1009
0.235828 27.7286
0.264558 24.3313
0.236687 27.5174
0.265122 23.9759
0.236438 27.4232
0.264665 24.0545
0.236197 27.5335
0.264604 24.1272
0.236296 27.6536
0.264942 24.1607
0.236669 27.1567
0.264419 24.2585
0.236408 27.2545
0.264313 24.0107
0.23579 27.6603
0.264387 24.0857
0.236015 27.4085
0.264163 23.8254
0.235265 27.5853
0.263657 24.079
0.235349 27.8116
0.264177 24.0469
0.235745 27.6241
0.264269 24.0879
0.235914 27.5897
0.264393 23.9429
0.235717 27.5862
0.264166 24.4138
0.236511 27.5768
0.265037 23.6929
0.235762 27.6326
0.264304 23.8897
0.235526 27.8201
0.264392 23.9469
0.235725 27.6371
0.264271 24.2487
0.236255 27.8049
0.265182 24.1692
0.236901 27.3839
0.265109 24.2987
0.237111 27.5424
0.265645 23.9321
0.236811 27.3862
0.265013 23.9062
0.236192 27.4964
0.264529 24.2487
0.236486 27.5679
0.264993 24.0513
0.236482 27.567
0.264987 23.9705
0.236306 27.3263
0.264334 23.8714
0.235514 27.5433
0.263857 23.9955
0.235351 27.6576
0.26389 23.9272
0.235237 27.7888
0.264008 23.7665
0.235002 27.6018
0.263394 23.9156
0.23477 27.1089
0.262208 24.5018
0.234942 27.8393
0.263772 24.0661
0.235424 27.6112
0.263885 24.0478
0.235486 27.9027
0.264503 24.2714
0.236511 27.1915
0.264309 24.1746
0.236132 27.3938
0.264268 24.0625
0.235859 27.4705
0.264106 24.3442
0.23631 27.3464
0.264377 24.1161
0.23607 27.1513
0.26374 24.0192
0.235296 27.408
0.263359 24.2201
0.23538 27.6357
0.263881 24.3554
0.236132 27.6299
0.264713 23.9009
0.235914 27.5991
0.264411 24.1125
0.236092 27.6594
0.264725 23.6991
0.235497 27.3728
0.263517 24.3482
0.235791 28.254
0.265509 24.0638
0.236969 27.1004
0.264648 23.9165
0.235889 27.4585
0.264118 24.1504
0.235911 27.6045
0.264417 23.8299
0.235501 27.6933
0.264125 24.2705
0.236171 27.304
0.264141 24.4371
0.236537 27.2308
0.264413 24.2286
0.236339 27.6223
0.264931 23.679
0.235639 27.7004
0.264293 24.117
0.235997 27.9679
0.2652 24.3013
0.237197 27.5692
0.265792 24.4027
0.237943 27.1286
0.265789 24.0393
0.237167 27.4281
0.265491 23.8237
0.236444 27.3562
0.264545 23.9473
0.235863 27.5679
0.264294 23.8737
0.235483 27.75
0.264212 24.0683
0.235822 27.6036
0.264316 24.3384
0.236485 27.3259
0.264534 24.154
0.23629 27.0241
0.263745 23.979
0.235217 28.0129
0.264408 23.8692
0.235575 27.5638
0.263965 23.9379
0.235325 27.2808
0.263152 24.3339
0.235434 27.6438
0.263957 24.1259
0.235716 27.4478
0.263903 23.8763
0.23514 27.2362
0.262861 24.4652
0.23545 27.7455
0.264167 24.054
0.235751 27.5031
0.264047 23.733
0.234966 27.9665
0.264039 23.8683
0.235244 27.4763
0.263429 24.358
0.235733 27.6585
0.26432 23.7696
0.235286 27.7161
0.263928 24.1375
0.235714 27.7214
0.264417 23.6964
0.235218 27.446
0.263342 24.2134
0.235351 27.8973
0.264341 24.167
0.236145 27.6875
0.264837 23.9821
0.236197 27.0295
0.263651 24.4402
0.236105 27.2049
0.263881 23.9518
0.23528 27.333
0.263199 24.4121
0.235641 27.7795
0.264445 24.3821
0.236693 27.433
0.26497 24.1513
0.236674 27.1571
0.264425 24.0205
0.235911 27.4621
0.264149 23.9674
0.235552 27.7094
0.264212 23.9161
0.2355 27.3911
0.263555 24.4357
0.23601 27.5545
0.264434 23.9125
0.23569 27.6013
0.264163 24.1835
0.236022 27.4589
0.264267 24.1835
0.236114 27.3335
0.264133 24.3643
0.236376 27.1585
0.264096 24.2254
0.23605 27.5188
0.264411 23.829
0.235493 27.7183
0.264163 24.142
0.235934 27.4643
0.264178 24.1179
0.235896 27.5781
0.264351 24.6183
0.237109 27.5357
0.26563 23.821
0.236561 27.683
0.265295 23.9375
0.23651 27.7107
0.26529 23.8746
0.236373 27.1911
0.264153 24.0763
0.235786 27.1723
0.263462 24.208
0.235447 27.7973
0.264261 23.8777
0.235462 27.558
0.263827 23.9558
0.23524 27.3946
0.26327 24.0991
0.235046 27.6344
0.263504 23.9478
0.234936 27.3897
0.262921 24.3996
0.235366 27.0665
0.262793 24.2598
0.234958 27.8058
0.263728 23.9647
0.235171 27.3603
0.263128 24.1594
0.235046 27.5196
0.263288 24.1067
0.235078 27.7902
0.263833 24.2683
0.235905 27.3406
0.263913 23.9143
0.23523 27.7688
0.263963 23.9987
0.235452 27.9036
0.264466 24.1942
0.236315 27.1496
0.26401 24.2879
0.236105 27.3571
0.264168 24.3393
0.236355 27.167
0.264088 24.0737
0.235722 27.4469
0.263908 24.3683
0.236184 27.6174
0.264748 24.096
0.236358 27.4393
0.264607 23.8013
0.235608 27.7094
0.264276 23.9335
0.235594 27.546
0.263952 23.8504
0.235129 27.7629
0.263839 24.4129
0.236216 27.8696
0.265261 23.8388
0.23627 27.446
0.264521 23.7866
0.235501 27.8045
0.264335 24.4612
0.236762 27.4348
0.26505 24.0246
0.236476 27.4482
0.264756 24.1763
0.236535 27.5808
0.265073 23.683
0.235773 27.4478
0.263967 24.2188
0.23592 27.9187
0.265021 24.0719
0.236551 27.6732
0.265265 24.0732
0.236772 27.5009
0.265186 23.6562
0.235817 27.5134
0.26414 24.0179
0.235651 27.8451
0.264579 24.1098
0.236237 27.5955
0.264766 24.0192
0.236212 27.4504
0.264464 23.8116
0.235503 27.5911
0.263935 23.9228
0.235267 27.2835
0.263092 24.3647
0.235446 27.8513
0.264361 24.4165
0.236691 27.8232
0.265706 24.0808
0.237181 27.2388
0.265147 23.9571
0.236421 27.3982
0.264598 24.1121
0.236259 27.5326
0.264672 24.0835
0.236264 27.6942
0.264983 24.0478
0.236466 27.1911
0.264257 23.9491
0.23561 27.3987
0.263692 24.3013
0.235849 27.1598
0.263509 24.1554
0.235378 27.6496
0.263905 24.2004
0.235826 27.4379
0.264008 24.2875
0.236102 27.4071
0.264259 24.2589
0.236267 27.3589
0.264352 24.0951
0.236003 27.5085
0.26434 24.0491
0.235895 27.6371
0.264461 23.7165
0.235299 27.3665
0.263284 24.0036
0.234857 27.4911
0.263023 23.9893
0.234594 27.9089
0.263512 24.2027
0.23548 27.6152
0.263955 24.0857
0.235629 27.7232
0.264325 24.2027
0.236207 27.833
0.265181 24.354
0.237292 27.379
0.265538 23.8496
0.23654 27.3938
0.264724 23.8603
0.235838 27.2987
0.263758 24.2254
0.235748 27.4339
0.263913 24.1746
0.235779 27.9705
0.26496 24.2138
0.236798 27.358
0.264944 24.1821
0.236717 27.0496
0.26427 23.7589
0.235219 27.5268
0.263495 24.1915
0.235442 26.8531
0.262476 24.1821
0.234511 27.5884
0.262818 24.3813
0.235236 27.3469
0.263176 24.3049
0.235395 27.3455
0.263351 24.046
0.235006 27.7335
0.263646 24.4862
0.236197 27.5
0.264541 24.0545
0.236086 27.1045
0.263669 23.9902
0.235172 27.4473
0.263294 23.7031
0.234233 27.6732
0.262665 24.4469
0.235236 27.6201
0.263691 24.3241
0.235896 27.4853
0.264176 23.8411
0.235309 27.8862
0.264273 24.0924
0.235927 27.1286
0.263537 24.321
0.235752 27.5839
0.2642 24.3085
0.236318 27.2018
0.264113 24.2
0.236011 27.2701
0.263899 24.2638
0.235955 27.3696
0.264023 24.092
0.235703 27.4304
0.263856 24.1487
0.235673 27.3933
0.263753 24.2366
0.235767 27.7295
0.264492 24.4241
0.236824 27.6696
0.265564 23.8777
0.236623 27.3612
0.264755 24.0116
0.236186 27.3277
0.264203 24.042
0.235758 27.921
0.264843 23.8723
0.235969 27.5938
0.264462 24.3049
0.236546 27.0679
0.264113 24.3107
0.236246 27.3875
0.264382 24.4554
0.236792 27.3161
0.264859 23.9531
0.236155 27.158
0.263847 24.1009
0.235565 27.5991
0.264019 24.3433
0.23623 27.5388
0.264651 24.0589
0.236194 27.8134
0.265129 23.8754
0.236231 27.4844
0.264549 23.9897
0.235956 27.6714
0.264595 24.025
0.236071 27.5183
0.264434 23.8955
0.235655 27.4469
0.263833 24.0589
0.235463 27.3089
0.263359 24.4781
0.235924 27.6522
0.264522 23.829
0.235592 27.9848
0.264776 24.3674
0.236959 27.1929
0.264812 23.8638
0.235923 27.7701
0.264744 24.0219
0.236198 27.4277
0.264405 23.7482
0.235317 27.6138
0.263769 24.3308
0.23598 27.2277
